44048
19968
19968
19968
19968
19968
19968
19968
19968
19968
19968
19968
19968
19968
19968
19968
19968
19968
19968
19968
19968
19968
19968
19968
19968
19968
19968
19968
19968
19968
19968
19968
19968
19968
19968
19968
19968
19968
19968
19968
19968
19968
19968
19968
19968
19968
19968
19968
19968
19968
19968
19968
19968
19968
19968
19968
19968
19968
19968
19968
19968
19968
19968
19968
19968
19968
19968
19968
19968
19968
19968
19968
19968
19968
19968
19968
19968
19968
19968
19968
19968
19968
19968
19968
19968
19968
19968
19968
19968
19968
19968
20064
20160
20352
20736
21504
23040
26112
39984
40048
40112
40176
40272
40304
40400
40432
40528
40560
40656
40720
40752
40848
40880
41008
41104
41168
41200
41264
41360
41424
41456
8432
14112
60944
26016
61040
61088
15120
60992
14928
15264
15312
14736
31792
31888
32080
31456
15120
31744
15216
12384
15984
15312
16080
14448
23888
23840
23984
23936
24080
24032
24128
24224
24272
24176
24320
24416
24464
24368
24512
45152
45200
45104
45248
45344
45392
45296
45440
45536
45584
45488
45632
45728
45776
45680
45824
45920
45968
45872
46016
46112
20160
20352
20736
21504
23040
26112
43632
43696
43792
43824
43888
43984
44016
44112
44144
44240
44272
44368
44432
44464
44560
44592
44656
44752
44816
44848
44912
45008
49232
13584
46208
46160
46304
46256
46400
46352
46496
46448
46592
46544
46688
46640
46784
46736
46880
46832
46976
46928
47072
47024
47168
47120
47264
47216
47360
47312
47456
47408
47552
47504
47600
47696
47744
47648
47792
47888
47936
47840
47984
48080
48128
48032
48176
48272
48320
48224
48368
48464
48512
48416
48560
48656
48704
48608
48752
48848
48896
48800
48944
49040
20256
20544
21120
22272
24576
51408
51472
51568
51632
51664
51728
51824
51856
51952
51984
52080
52112
52208
52272
52304
52400
52432
52496
52592
52656
52688
52752
52848
52912
46064
53296
49088
53392
53344
53488
53440
53584
53536
53680
53632
53776
53728
53872
53824
53968
53920
54064
54016
54160
54112
54256
54208
54352
54304
54448
54400
54544
54496
54640
54592
54688
54784
54832
54736
54880
54976
55024
54928
55072
55168
55216
55120
55264
55360
55408
55312
55456
55552
55600
55504
55648
55744
55792
55696
55840
55936
55984
55888
56032
56128
20352
20736
21504
23040
26112
59216
59280
59376
59440
59472
59536
59632
59664
59760
59792
59888
59920
60016
60080
60112
60208
60240
60304
60400
60464
60496
60560
60656
48992
56176
56272
56224
56368
56320
56464
56416
56560
56512
56656
56608
56752
56704
56848
56800
56944
56896
57040
56992
57136
57088
57232
57184
48
57280
144
96
240
192
336
288
384
480
528
432
576
672
720
624
768
864
912
816
960
1056
1104
1008
1152
1248
1296
1200
1344
1440
1488
1392
1536
1632
1680
1584
1728
1824
20448
20928
21888
23808
27648
62896
62992
63056
63120
63152
63216
63312
63344
63440
63472
63568
63600
63696
63760
63792
63888
63920
63984
64080
64144
64176
64240
64336
56080
1872
1968
1920
2064
2016
2160
2112
2256
2208
2352
2304
2448
2400
2544
2496
2640
2592
2736
2688
2832
2784
2928
2880
3024
2976
3120
3072
3216
3168
3312
3264
3360
3456
3504
3408
3552
3648
3696
3600
3744
3840
3888
3792
3936
4032
8240
3984
8288
8384
8432
8336
8480
8576
8624
8528
8672
8768
8816
8720
8864
8960
20544
21120
22272
24576
5104
5168
5264
5328
5392
5424
5488
5584
5616
5712
5744
5840
5872
5968
6032
6064
6160
6192
6256
6352
6416
6448
6512
6608
1776
9008
9104
9056
9200
9152
9296
9248
9392
9344
9488
9440
9584
9536
9680
9632
9776
9728
9872
9824
9968
9920
10064
10016
10160
10112
10256
10208
10352
10304
10448
10400
10496
10592
10640
10544
10688
10784
10832
10736
10880
10976
11024
10928
11072
11168
11216
11120
11264
11360
11408
11312
11456
11552
11600
11504
11648
11744
11792
11696
11840
11936
20640
21312
22656
25344
12912
12976
13072
13136
13200
13232
13296
13392
13424
13520
13552
13648
13680
13776
13840
13872
13968
14000
14064
14160
14224
14256
14320
14416
8912
11984
12080
12032
12176
12128
16432
12224
16528
16480
16624
16576
16720
16672
16816
16768
16912
16864
17008
16960
17104
17056
17200
17152
17296
17248
17392
17344
17488
17440
17584
17536
17632
17728
17776
17680
17824
17920
17968
17872
18016
18112
18160
18064
18208
18304
18352
18256
18400
18496
18544
18448
18592
18688
18736
18640
18784
18880
18928
18832
18976
19072
20736
21504
23040
26112
20720
20784
20880
20944
21008
21040
21104
21200
21232
21328
21360
21456
21488
21584
21648
21680
21776
21808
21872
21968
22032
22064
22128
11888
19120
19168
19264
19216
19360
19312
19456
19408
19552
19504
19648
19600
19744
19696
19840
19792
19936
19888
20032
19984
20128
20080
20224
20176
20320
20272
20416
20368
24672
24624
24768
24720
24816
24912
24960
24864
25008
25104
25152
25056
25200
25296
25344
25248
25392
25488
25536
25440
25584
25680
25728
25632
25776
25872
25920
25824
25968
26064
26112
26016
26160
26256
20832
21696
23424
26880
24336
24432
24496
28720
28784
28816
28880
28976
29008
29104
29136
29232
29264
29360
29424
29456
29552
29584
29648
29744
29808
29840
29904
19024
26304
26352
26448
26400
26544
26496
26640
26592
26736
26688
26832
26784
26928
26880
27024
26976
27120
27072
27216
27168
27312
27264
27408
27360
27504
27456
27600
27552
27696
27648
27792
27744
27840
27936
27984
27888
28032
28128
28176
28080
28224
28320
28368
28272
28416
28512
28560
28464
28608
32864
32912
32816
32960
33056
33104
33008
33152
33248
33296
33200
33344
33440
20928
21888
23808
27648
32112
32208
32272
32336
32400
32432
32496
32592
32624
32720
36912
37008
37040
37136
37200
37232
37328
37360
37424
37520
37584
37616
37680
26208
33488
33536
33632
33584
33728
33680
33824
33776
33920
33872
34016
33968
34112
34064
34208
34160
34304
34256
34400
34352
34496
34448
34592
34544
34688
34640
34784
34736
34880
34832
34976
34928
35024
35120
35168
35072
35216
35312
35360
35264
35408
35504
35552
35456
35600
35696
35744
35648
35792
35888
35936
35840
35984
36080
36128
36032
36176
36272
36320
36224
36368
36464
21024
22080
24192
39856
39920
40016
40080
40144
40208
40240
40304
40400
40432
40528
40560
40656
40688
40784
40848
40880
41040
41072
41136
41232
41296
41328
41392
33392
36512
36560
36656
36608
36752
36704
45104
36800
45200
45152
45296
45248
45392
45344
45488
45440
45584
45536
45680
45632
45776
45728
45872
45824
45968
45920
46064
46016
46160
46112
46256
46208
46304
46400
46448
46352
46496
46592
46640
46544
46688
46784
46832
46736
46880
46976
47024
46928
47072
47168
47216
47120
47264
47360
47408
47312
47456
47552
47600
47504
47648
47744
21120
22272
24576
43568
43632
43728
43792
43856
43920
43952
44016
44112
44144
44240
44272
44368
44400
44496
44560
44592
44688
44720
44784
44880
44944
44976
49200
36416
47792
47840
47936
47888
48032
47984
48128
48080
48224
48176
48320
48272
48416
48368
48512
48464
48608
48560
48704
48656
48800
48752
48896
48848
48992
48944
49088
49040
53344
53296
53440
53392
53488
53584
53632
53536
53680
53776
53824
53728
53872
53968
54016
53920
54064
54160
54208
54112
54256
54352
54400
54304
54448
54544
54592
54496
54640
54736
54784
54688
54832
54928
21216
22464
24960
51376
51440
51536
51600
51664
51728
51760
51824
51920
51952
52048
52080
52176
52208
52304
52368
52400
52496
52528
52592
52688
52752
52784
52848
47696
54976
55024
55120
55072
55216
55168
55312
55264
55408
55360
55504
55456
55600
55552
55696
55648
55792
55744
55888
55840
55984
55936
56080
56032
56176
56128
56272
56224
56368
56320
56464
56416
56512
56608
56656
56560
56704
56800
56848
56752
56896
56992
57040
56944
57088
57184
57232
57136
57280
61536
61584
61488
61632
61728
61776
61680
61824
61920
61968
61872
62016
62112
21312
22656
25344
59184
59248
59344
59408
59472
59536
59568
59632
59728
59760
59856
59888
59984
60016
60112
60176
60208
60304
60336
60400
60496
60560
60592
60656
54880
62160
62208
62304
62256
62400
62352
62496
62448
62592
62544
62688
62640
62784
62736
62880
62832
62976
62928
63072
63024
63168
63120
63264
63216
63360
63312
63456
63408
63552
63504
63648
63600
63696
63792
63840
63744
63888
63984
64032
63936
64080
64176
64224
64128
64272
64368
64416
64320
64464
64560
64608
64512
64656
64752
64800
64704
64848
64944
64992
64896
65040
65136
21408
22848
25728
1456
1520
1616
1680
1744
1808
1840
1904
2000
2032
2128
2160
2256
2288
2384
2448
2480
2576
2608
2672
2768
2832
2864
2928
62064
65184
65232
65328
65280
65424
65376
4144
65472
4240
4192
4336
4288
4432
4384
4528
4480
4624
4576
4720
4672
4816
4768
4912
4864
5008
4960
5104
5056
5200
5152
5296
5248
5344
5440
5488
5392
5536
5632
5680
5584
5728
5824
5872
5776
5920
6016
6064
5968
6112
6208
6256
6160
6304
6400
6448
6352
6496
6592
6640
6544
6688
6784
21504
23040
26112
9264
9328
9424
9488
9552
9616
9648
9712
9808
9840
9936
9968
10064
10096
10192
10256
10288
10384
10416
10480
10576
10640
10672
65088
6832
6880
6928
7024
6976
7120
7072
7216
7168
7312
7264
7408
7360
7504
7456
7600
7552
7696
7648
7792
7744
7888
7840
7984
7936
8080
8032
12336
8128
12432
12384
12528
12480
12576
12672
12720
12624
12768
12864
12912
12816
12960
13056
13104
13008
13152
13248
13296
13200
13344
13440
13488
13392
13536
13632
13680
13584
13728
13824
13872
13776
13920
14016
21600
23232
26496
17040
17136
17200
17264
17328
17392
17424
17488
17584
17616
17712
17744
17840
17872
17968
18032
18064
18160
18192
18256
18352
18416
18448
6736
14064
14112
14160
14256
14208
14352
14304
14448
14400
14544
14496
14640
14592
14736
14688
14832
14784
14928
14880
15024
14976
15120
15072
15216
15168
15312
15264
15408
15360
15504
15456
15600
15552
15648
15744
15792
15696
15840
15936
15984
15888
16032
16128
16176
16080
16224
16320
20528
16272
20576
20672
20720
20624
20768
20864
20912
20816
20960
21056
21104
21008
21152
21248
21696
23424
26880
24816
24912
24976
25040
25104
25168
25200
25264
25360
25392
25488
25520
25616
25648
25744
25808
25840
25936
25968
26032
26128
26192
26224
13968
21296
21344
21392
21488
21440
21584
21536
21680
21632
21776
21728
21872
21824
21968
21920
22064
22016
22160
22112
22256
22208
22352
22304
22448
22400
22544
22496
22640
22592
22736
22688
22832
22784
22880
22976
23024
22928
23072
23168
23216
23120
23264
23360
23408
23312
23456
23552
23600
23504
23648
23744
23792
23696
23840
23936
23984
23888
24032
24128
24176
24080
24224
24320
21792
23616
27264
28432
28528
28592
28720
28784
28848
28880
28944
29040
29072
29168
29200
29296
29328
29424
29488
29520
29616
29648
29712
29808
29872
29904
21200
24368
24416
24464
32816
24512
32912
32864
33008
32960
33104
33056
33200
33152
33296
33248
33392
33344
33488
33440
33584
33536
33680
33632
33776
33728
33872
33824
33968
33920
34064
34016
34160
34112
34208
34304
34352
34256
34400
34496
34544
34448
34592
34688
34736
34640
34784
34880
34928
34832
34976
35072
35120
35024
35168
35264
35312
35216
35360
35456
35504
35408
35552
35648
21888
23808
27648
32112
32208
32272
32336
32400
32464
32496
32560
32656
32688
36944
36976
37072
37104
37200
37264
37296
37392
37424
37488
37584
37648
37680
24272
35696
35744
35792
35888
35840
35984
35936
36080
36032
36176
36128
36272
36224
36368
36320
36464
36416
36560
36512
36656
36608
36752
36704
41008
36800
41104
41056
41200
41152
41296
41248
41392
41344
41440
41536
41584
41488
41632
41728
41776
41680
41824
41920
41968
41872
42016
42112
42160
42064
42208
42304
42352
42256
42400
42496
42544
42448
42592
42688
42736
42640
42784
42880
21984
24000
28032
39888
39984
40048
40112
40176
40240
40272
40336
40432
40464
40560
40592
40688
40720
40816
40880
40912
45168
45200
45264
45360
45424
45456
35600
42928
42976
43024
43120
43072
43216
43168
43312
43264
43408
43360
43504
43456
43600
43552
43696
43648
43792
43744
43888
43840
43984
43936
44080
44032
44176
44128
44272
44224
44368
44320
44464
44416
44512
44608
44656
44560
44704
44800
44848
44752
44896
44992
49200
44944
49248
49344
49392
49296
49440
49536
49584
49488
49632
49728
49776
49680
49824
49920
49968
49872
50016
50112
22080
24192
47632
47696
47792
47856
47920
47984
48048
48080
48144
48240
48272
48368
48400
48496
48528
48624
48688
48720
48816
48848
48912
49008
49072
49104
42832
50160
50208
50256
50352
50304
50448
50400
50544
50496
50640
50592
50736
50688
50832
50784
50928
50880
51024
50976
51120
51072
51216
51168
51312
51264
51408
51360
51504
51456
51600
51552
51696
51648
51744
51840
51888
51792
51936
52032
52080
51984
52128
52224
52272
52176
52320
52416
52464
52368
52512
52608
52656
52560
52704
52800
52848
52752
52896
52992
53040
52944
53088
53184
22176
24384
55440
55504
55600
55664
55728
55792
55856
55888
55952
56048
56080
56176
56208
56304
56336
56432
56496
56528
56624
56656
56720
56816
56880
56912
50064
57392
57440
57488
57584
57536
57680
57632
57776
57728
57872
57824
57968
57920
58064
58016
58160
58112
58256
58208
58352
58304
58448
58400
58544
58496
58640
58592
58736
58688
58832
58784
58928
58880
58976
59072
59120
59024
59168
59264
59312
59216
59360
59456
59504
59408
59552
59648
59696
59600
59744
59840
59888
59792
59936
60032
60080
59984
60128
60224
60272
60176
60320
60416
22272
24576
63248
63312
63408
63472
63536
63600
63664
63696
63760
63856
63888
63984
64016
64112
64144
64240
64304
64336
64432
64464
64528
64624
64688
64720
53136
60464
60512
60560
60656
60608
60752
60704
60848
60800
60944
60896
61040
60992
61136
61088
61232
61184
61328
61280
48
61376
144
96
240
192
336
288
432
384
528
480
624
576
672
768
816
720
864
960
1008
912
1056
1152
1200
1104
1248
1344
1392
1296
1440
1536
1584
1488
1632
1728
1776
1680
1824
1920
1968
1872
2016
2112
22368
24768
5520
5584
5680
5744
5808
5872
5936
5968
6032
6128
6160
6256
6288
6384
6416
6512
6576
6608
6704
6736
6800
6896
6960
6992
60368
2160
2208
2256
2352
2304
2448
2400
2544
2496
2640
2592
2736
2688
2832
2784
2928
2880
3024
2976
3120
3072
3216
3168
3312
3264
3408
3360
3504
3456
3600
3552
3696
3648
3744
3840
3888
3792
3936
4032
12336
3984
12384
12480
12528
12432
12576
12672
12720
12624
12768
12864
12912
12816
12960
13056
13104
13008
13152
13248
13296
13200
13344
13440
22464
24960
9232
9296
9392
9456
9520
9584
9648
9680
9744
9840
9872
9968
10000
10096
10128
10224
10288
10320
10416
10448
10512
10608
10672
10704
2064
13488
13536
13584
13680
13632
13776
13728
13872
13824
13968
13920
14064
14016
14160
14112
14256
14208
14352
14304
14448
14400
14544
14496
14640
14592
14736
14688
14832
14784
14928
14880
15024
14976
15072
15168
15216
15120
15264
15360
15408
15312
15456
15552
15600
15504
15648
15744
15792
15696
15840
15936
15984
15888
16032
16128
16176
16080
16224
16320
20528
16272
20576
20672
22560
25152
17040
17104
17200
17264
17328
17392
17456
17488
17552
17648
17680
17776
17808
17904
17936
18032
18096
18128
18224
18256
18320
18416
18480
18512
13392
20720
20768
20816
20912
20864
21008
20960
21104
21056
21200
21152
21296
21248
21392
21344
21488
21440
21584
21536
21680
21632
21776
21728
21872
21824
21968
21920
22064
22016
22160
22112
22256
22208
22304
22400
22448
22352
22496
22592
22640
22544
22688
22784
22832
22736
22880
22976
23024
22928
23072
23168
23216
23120
23264
23360
23408
23312
23456
23552
23600
23504
23648
23744
22656
25344
24848
24912
25008
25072
25136
25200
25264
25296
25360
25456
25488
25584
25616
25712
25744
25840
25904
25936
26032
26064
26128
26224
26288
26320
20624
23792
23840
23888
23984
23936
24080
24032
24176
24128
24272
24224
24368
24320
24464
24416
28720
24512
28816
28768
28912
28864
29008
28960
29104
29056
29200
29152
29296
29248
29392
29344
29488
29440
29536
29632
29680
29584
29728
29824
29872
29776
29920
30016
30064
29968
30112
30208
30256
30160
30304
30400
30448
30352
30496
30592
30640
30544
30688
30784
30832
30736
30880
30976
22752
25536
28496
28560
32816
32880
32944
33008
33072
33104
33168
33264
33296
33392
33424
33520
33552
33648
33712
33744
33840
33872
33936
34032
34096
34128
23696
31024
31072
31120
31216
31168
31312
31264
31408
31360
31504
31456
31600
31552
31696
31648
31792
31744
31888
31840
31984
31936
32080
32032
32176
32128
32272
32224
32368
32320
32464
32416
32560
32512
32608
32704
36912
32656
36960
37056
37104
37008
37152
37248
37296
37200
37344
37440
37488
37392
37536
37632
37680
37584
37728
37824
37872
37776
37920
38016
38064
37968
38112
38208
22848
25728
36304
36368
36464
36528
36592
36656
36720
36752
36816
41072
41104
41200
41232
41328
41360
41456
41520
41552
41648
41680
41744
41840
41904
41936
30928
38256
38304
38352
38448
38400
38544
38496
38640
38592
38736
38688
38832
38784
38928
38880
39024
38976
39120
39072
39216
39168
39312
39264
39408
39360
39504
39456
39600
39552
39696
39648
39792
39744
39840
39936
39984
39888
40032
40128
40176
40080
40224
40320
40368
40272
40416
40512
40560
40464
40608
40704
40752
40656
40800
40896
45104
40848
45152
45248
45296
45200
45344
45440
22944
25920
44112
44176
44272
44336
44400
44464
44528
44560
44624
44720
44752
44848
44880
44976
45008
49264
49328
49360
49456
49488
49552
49648
49712
49744
38160
45488
45536
45584
45680
45632
45776
45728
45872
45824
45968
45920
46064
46016
46160
46112
46256
46208
46352
46304
46448
46400
46544
46496
46640
46592
46736
46688
46832
46784
46928
46880
47024
46976
47072
47168
47216
47120
47264
47360
47408
47312
47456
47552
47600
47504
47648
47744
47792
47696
47840
47936
47984
47888
48032
48128
48176
48080
48224
48320
48368
48272
48416
48512
23040
26112
51920
51984
52080
52144
52208
52272
52336
52368
52432
52528
52560
52656
52688
52784
52816
52912
52976
53008
53104
53136
53200
53360
53424
45392
48560
48608
48656
48704
48800
48752
48896
48848
48992
48944
49088
49040
57440
57392
57536
57488
57632
57584
57728
57680
57824
57776
57920
57872
58016
57968
58112
58064
58208
58160
58304
58256
58400
58352
58448
58544
58592
58496
58640
58736
58784
58688
58832
58928
58976
58880
59024
59120
59168
59072
59216
59312
59360
59264
59408
59504
59552
59456
59600
59696
59744
59648
59792
59888
23136
26304
55600
55696
55760
55824
55888
55952
56016
56048
56112
56208
56240
56336
56368
56464
56496
56592
56656
56688
56784
56816
56880
56976
57040
48464
59936
59984
60032
60080
60176
60128
60272
60224
60368
60320
60464
60416
60560
60512
60656
60608
60752
60704
60848
60800
60944
60896
61040
60992
61136
61088
61232
61184
61328
61280
48
61376
144
96
192
288
336
240
384
480
528
432
576
672
720
624
768
864
912
816
960
1056
1104
1008
1152
1248
1296
1200
1344
1440
1488
1392
1536
1632
23232
26496
63376
63472
63536
63600
63664
63728
63792
63824
63888
63984
64016
64112
64144
64240
64272
64368
64432
64464
64560
64592
64656
64752
64816
59840
1680
1728
1776
1824
1920
1872
2016
1968
2112
2064
2208
2160
2304
2256
2400
2352
2496
2448
2592
2544
2688
2640
2784
2736
2880
2832
2976
2928
3072
3024
3168
3120
3264
3216
3312
3408
3456
3360
3504
3600
3648
3552
3696
3792
3840
3744
3888
3984
4032
3936
8240
8336
8384
8288
8432
8528
8576
8480
8624
8720
8768
8672
8816
8912
23328
26688
5616
5712
5776
5840
5904
5968
6032
6064
6128
6224
6256
6352
6384
6480
6512
6608
6672
6704
6800
6832
6896
6992
7056
1584
8960
9008
9056
9104
9200
9152
9296
9248
9392
9344
9488
9440
9584
9536
9680
9632
9776
9728
9872
9824
9968
9920
10064
10016
10160
10112
10256
10208
10352
10304
10448
10400
10544
10496
10592
10688
10736
10640
10784
10880
10928
10832
10976
11072
11120
11024
11168
11264
11312
11216
11360
11456
11504
11408
11552
11648
11696
11600
11744
11840
11888
11792
11936
12032
23424
26880
13392
13488
13552
13616
13680
13744
13808
13840
13904
14000
14032
14128
14160
14256
14288
14384
14448
14480
14576
14608
14672
14768
14832
8864
12080
12128
12176
12224
16480
16432
16576
16528
16672
16624
16768
16720
16864
16816
16960
16912
17056
17008
17152
17104
17248
17200
17344
17296
17440
17392
17536
17488
17632
17584
17728
17680
17824
17776
17872
17968
18016
17920
18064
18160
18208
18112
18256
18352
18400
18304
18448
18544
18592
18496
18640
18736
18784
18688
18832
18928
18976
18880
19024
19120
19168
19072
19216
19312
23520
27072
21168
21264
21328
21392
21456
21520
21584
21616
21680
21776
21808
21904
21936
22032
22064
22160
22224
22256
22352
22384
22448
22544
22608
11984
19360
19408
19456
19504
19600
19552
19696
19648
19792
19744
19888
19840
19984
19936
20080
20032
20176
20128
20272
20224
20368
20320
24624
20416
24720
24672
24816
24768
24912
24864
25008
24960
25104
25056
25152
25248
25296
25200
25344
25440
25488
25392
25536
25632
25680
25584
25728
25824
25872
25776
25920
26016
26064
25968
26112
26208
26256
26160
26304
26400
26448
26352
26496
26592
23616
27264
28944
29040
29104
29168
29232
29296
29360
29392
29456
29552
29584
29680
29712
29808
29840
29936
30000
30032
30128
30160
30224
30320
30384
19264
26640
26688
26736
26784
26880
26832
26976
26928
27072
27024
27168
27120
27264
27216
27360
27312
27456
27408
27552
27504
27648
27600
27744
27696
27840
27792
27936
27888
28032
27984
28128
28080
28224
28176
28272
28368
28416
28320
28464
28560
28608
28512
32816
32912
32960
32864
33008
33104
33152
33056
33200
33296
33344
33248
33392
33488
33536
33440
33584
33680
33728
33632
33776
33872
23712
27456
32560
32656
32720
36944
37008
37072
37136
37168
37232
37328
37360
37456
37488
37584
37616
37712
37776
37808
37904
37936
38000
38096
38160
26544
33920
33968
34016
34064
34160
34112
34256
34208
34352
34304
34448
34400
34544
34496
34640
34592
34736
34688
34832
34784
34928
34880
35024
34976
35120
35072
35216
35168
35312
35264
35408
35360
35504
35456
35552
35648
35696
35600
35744
35840
35888
35792
35936
36032
36080
35984
36128
36224
36272
36176
36320
36416
36464
36368
36512
36608
36656
36560
36704
36800
41008
36752
41056
41152
23808
27648
40336
40432
40496
40560
40624
40688
40752
40784
40848
45104
45136
45232
45264
45360
45392
45488
45552
45584
45680
45712
45776
45872
45936
33824
41200
41248
41296
41344
41440
41392
41536
41488
41632
41584
41728
41680
41824
41776
41920
41872
42016
41968
42112
42064
42208
42160
42304
42256
42400
42352
42496
42448
42592
42544
42688
42640
42784
42736
42832
42928
42976
42880
43024
43120
43168
43072
43216
43312
43360
43264
43408
43504
43552
43456
43600
43696
43744
43648
43792
43888
43936
43840
43984
44080
44128
44032
44176
44272
23904
27840
48112
48208
48272
48336
48400
48464
48528
48560
48624
48720
48752
48848
48880
48976
49008
49104
49232
49264
49360
49392
49456
49552
49616
41104
44320
44368
44416
44464
44560
44512
44656
44608
44752
44704
44848
44800
44944
44896
53296
44992
53392
53344
53488
53440
53584
53536
53680
53632
53776
53728
53872
53824
53968
53920
54064
54016
54160
54112
54208
54304
54352
54256
54400
54496
54544
54448
54592
54688
54736
54640
54784
54880
54928
54832
54976
55072
55120
55024
55168
55264
55312
55216
55360
55456
55504
55408
55552
55648
24000
28032
51792
51888
51952
52016
52080
52144
52208
52240
52304
52400
52432
52528
52560
52656
52688
52784
52848
52880
52976
53008
53072
53168
57392
44224
55696
55744
55792
55840
55936
55888
56032
55984
56128
56080
56224
56176
56320
56272
56416
56368
56512
56464
56608
56560
56704
56656
56800
56752
56896
56848
56992
56944
57088
57040
57184
57136
57280
57232
61488
61584
61632
61536
61680
61776
61824
61728
61872
61968
62016
61920
62064
62160
62208
62112
62256
62352
62400
62304
62448
62544
62592
62496
62640
62736
62784
62688
62832
62928
24096
59536
59600
59696
59760
59824
59888
59952
60016
60048
60112
60208
60240
60336
60368
60464
60496
60592
60656
60688
60784
60816
60880
60976
61040
55600
62976
63024
63072
63120
63216
63168
63312
63264
63408
63360
63504
63456
63600
63552
63696
63648
63792
63744
63888
63840
63984
63936
64080
64032
64176
64128
64272
64224
64368
64320
64464
64416
64560
64512
64608
64704
64752
64656
64800
64896
64944
64848
64992
65088
65136
65040
65184
65280
65328
65232
65376
65472
4144
65424
4192
4288
4336
4240
4384
4480
4528
4432
4576
4672
24192
1808
1872
1968
2032
2096
2160
2224
2288
2320
2384
2480
2512
2608
2640
2736
2768
2864
2928
2960
3056
3088
3152
3248
3312
62880
4720
4768
4816
4864
4960
4912
5056
5008
5152
5104
5248
5200
5344
5296
5440
5392
5536
5488
5632
5584
5728
5680
5824
5776
5920
5872
6016
5968
6112
6064
6208
6160
6304
6256
6352
6448
6496
6400
6544
6640
6688
6592
6736
6832
6880
6784
6928
7024
7072
6976
7120
7216
7264
7168
7312
7408
7456
7360
7504
7600
7648
7552
7696
7792
24288
9616
9680
9776
9840
9904
9968
10032
10096
10128
10192
10288
10320
10416
10448
10544
10576
10672
10736
10768
10864
10896
10960
11056
11120
4624
7840
7888
7936
7984
8080
8032
12336
8128
12432
12384
12528
12480
12624
12576
12720
12672
12816
12768
12912
12864
13008
12960
13104
13056
13200
13152
13296
13248
13392
13344
13488
13440
13584
13536
13632
13728
13776
13680
13824
13920
13968
13872
14016
14112
14160
14064
14208
14304
14352
14256
14400
14496
14544
14448
14592
14688
14736
14640
14784
14880
14928
14832
14976
15072
24384
17424
17488
17584
17648
17712
17776
17840
17904
17936
18000
18096
18128
18224
18256
18352
18384
18480
18544
18576
18672
18704
18768
18864
18928
7744
15120
15168
15216
15264
15360
15312
15456
15408
15552
15504
15648
15600
15744
15696
15840
15792
15936
15888
16032
15984
16128
16080
16224
16176
16320
16272
20576
20528
20672
20624
20768
20720
20864
20816
20912
21008
21056
20960
21104
21200
21248
21152
21296
21392
21440
21344
21488
21584
21632
21536
21680
21776
21824
21728
21872
21968
22016
21920
22064
22160
22208
22112
22256
22352
24480
25232
25296
25392
25456
25520
25584
25648
25712
25744
25808
25904
25936
26032
26064
26160
26192
26288
26352
26384
26480
26512
26576
26672
26736
15024
22400
22448
22496
22544
22640
22592
22736
22688
22832
22784
22928
22880
23024
22976
23120
23072
23216
23168
23312
23264
23408
23360
23504
23456
23600
23552
23696
23648
23792
23744
23888
23840
23984
23936
24032
24128
24176
24080
24224
24320
24368
24272
24416
24512
28720
24464
28768
28864
28912
28816
28960
29056
29104
29008
29152
29248
29296
29200
29344
29440
29488
29392
29536
29632
24576
33040
33104
33200
33264
33328
33392
33456
33520
33552
33616
33712
33744
33840
33872
33968
34000
34096
34160
34192
34288
34320
34384
34480
34544
22304
29680
29728
29776
29824
29920
29872
30016
29968
30112
30064
30208
30160
30304
30256
30400
30352
30496
30448
30592
30544
30688
30640
30784
30736
30880
30832
30976
30928
31072
31024
31168
31120
31264
31216
31312
31408
31456
31360
31504
31600
31648
31552
31696
31792
31840
31744
31888
31984
32032
31936
32080
32176
32224
32128
32272
32368
32416
32320
32464
32560
32608
32512
32656
36912
24672
36688
36752
41008
41072
41136
41200
41264
41328
41360
41424
41520
41552
41648
41680
41776
41808
41904
41968
42000
42096
42128
42192
42288
42352
29584
36960
37008
37056
37104
37200
37152
37296
37248
37392
37344
37488
37440
37584
37536
37680
37632
37776
37728
37872
37824
37968
37920
38064
38016
38160
38112
38256
38208
38352
38304
38448
38400
38544
38496
38592
38688
38736
38640
38784
38880
38928
38832
38976
39072
39120
39024
39168
39264
39312
39216
39360
39456
39504
39408
39552
39648
39696
39600
39744
39840
39888
39792
39936
40032
19968
20224
20480
20736
20992
21248
21504
21760
22016
22272
22528
22784
23040
23296
23552
23808
24064
24320
24576
24832
25088
25344
25600
25856
26112
26368
26624
26880
27136
27392
27648
27904
28160
56816
53360
53424
63376
63536
63664
63792
63888
64016
64144
64272
64432
64560
64656
64816
5712
5840
19968
19968
19968
19968
19968
19968
19968
19968
19968
19968
19968
19968
19968
19968
19968
19968
19968
19968
19968
19968
19968
19968
19968
19968
19968
19968
19968
19968
19968
19968
19968
19968
19968
19968
19968
19968
19968
19968
19968
19968
19968
19968
19968
19968
19968
19968
19968
19968
19968
19968
19968
19968
19968
19968
19968
19968
19968
19968
19968
19968
19968
19968
19968
19968
19968
19968
19968
19968
19968
19968
19968
19968
19968
19968
19968
19968
19968
19968
19968
19968
19968
19968
19968
19968
19968
19968
19968
19968
19968
19968
20064
20160
20352
20736
21504
23040
26112
37072
37136
37168
37232
37360
37456
37616
37712
37904
37936
38160
48208
48272
48464
48528
48624
45136
45232
48848
48880
45392
45488
49104
61040
8432
60992
61088
14928
15120
15312
15264
31792
14736
32080
31888
31744
31456
15216
15120
15984
12384
16080
15312
23888
14448
23984
23840
24080
23936
24128
24032
24272
24224
24176
24416
24464
24320
24368
13584
14112
24512
14784
53344
53392
53296
53440
53536
53584
53488
53632
53728
53776
53680
53824
53920
53968
53872
54016
54112
54160
54064
54208
54304
20160
20352
20736
21504
23040
26112
2224
2320
2512
2608
2736
2928
2960
3152
3248
9680
9776
9968
10096
10128
10320
10416
10544
10736
10864
10896
11056
17488
17648
60944
54400
54352
54496
54448
54592
54544
54688
54640
54784
54736
54880
54832
54976
54928
55072
55024
55168
55120
55264
55216
55360
55312
55456
55408
55552
55504
55648
55600
55744
55696
55792
55888
55936
55840
55984
56080
56128
56032
56176
56272
56320
56224
56368
56464
56512
56416
56560
56656
56704
56608
56752
56848
56896
56800
56944
57040
57088
56992
57136
57232
20256
20544
21120
22272
24576
34320
34480
9328
9488
9552
9648
9840
9936
10096
10192
10384
10416
10640
17040
17136
17328
17392
17488
17712
17840
17872
18032
18192
18352
54256
45104
57280
45200
45152
45296
45248
45392
45344
45488
45440
45584
45536
45680
45632
45776
45728
45872
45824
45968
45920
46064
46016
46160
46112
46256
46208
46352
46304
46448
46400
46496
46592
46640
46544
46688
46784
46832
46736
46880
46976
47024
46928
47072
47168
47216
47120
47264
47360
47408
47312
47456
47552
47600
47504
47648
47744
47792
47696
47840
47936
20352
20736
21504
23040
26112
40432
36944
40592
40688
37104
37200
40880
37296
37424
37488
37680
47632
47856
47984
48048
48240
48272
48400
48624
48720
45168
45200
48912
57184
47984
48080
48032
48176
48128
48272
48224
48368
48320
48464
48416
48560
48512
48656
48608
48752
48704
48848
48800
48944
48896
49040
48992
61488
49088
61584
61536
61680
61632
61776
61728
61824
61920
61968
61872
62016
62112
62160
62064
62208
62304
62352
62256
62400
62496
62544
62448
62592
62688
62736
62640
62784
62880
62928
62832
62976
63072
63120
63024
63168
63264
20448
20928
21888
23808
27648
6384
6576
6704
6800
6896
6992
9392
9456
9648
9680
9872
9968
10128
10288
10320
10512
10608
10704
17200
17328
17392
17488
17680
47888
63312
63408
63360
63504
63456
63600
63552
63696
63648
63792
63744
63888
63840
63984
63936
64080
64032
64176
64128
64272
64224
64368
64320
64464
64416
64560
64512
64656
64608
64752
64704
64800
64896
64944
64848
64992
65088
65136
65040
65184
65280
65328
65232
65376
65472
48
65424
96
192
240
144
288
384
432
336
480
576
624
528
672
768
20544
21120
22272
24576
33936
34096
44176
44336
44464
44528
44624
41104
44752
41232
44880
41360
45008
41552
41680
41744
41936
51920
52080
52272
52368
52432
52560
52784
63216
816
912
864
1008
960
1104
1056
1200
1152
1296
1248
1392
1344
1488
1440
1584
1536
1680
1632
1776
1728
1872
1824
1968
1920
2064
2016
2160
2112
2256
2208
2304
2400
2448
2352
2496
2592
2640
2544
2688
2784
2832
2736
2880
2976
3024
2928
3072
3168
3216
3120
3264
3360
3408
3312
3456
3552
3600
3504
3648
3744
20640
21312
22656
25344
29584
29744
29904
39920
40080
40144
40240
40432
40528
37008
40656
37136
40784
37232
37328
37360
37584
37616
43568
43792
43920
43952
44112
44272
720
3792
3888
3840
3984
3936
8240
4032
8336
8288
8432
8384
8528
8480
8624
8576
8720
8672
8816
8768
8912
8864
9008
8960
9104
9056
9200
9152
9296
9248
9392
9344
9440
9536
9584
9488
9632
9728
9776
9680
9824
9920
9968
9872
10016
10112
10160
10064
10208
10304
10352
10256
10400
10496
10544
10448
10592
10688
10736
10640
10784
10880
20736
21504
23040
26112
60656
1520
1744
1840
2000
2032
2160
2384
2448
2608
2672
2864
2928
59376
59472
59536
59760
59792
59920
60112
60240
60304
60464
3696
10928
10976
11072
11024
11168
11120
11264
11216
11360
11312
11456
11408
11552
11504
11648
11600
11744
11696
11840
11792
11936
11888
12032
11984
12128
12080
12224
12176
48464
45392
45488
48560
48608
48656
45584
45536
48704
48800
45632
45680
48752
48896
45728
45776
48848
48992
45824
45872
48944
49088
45920
45968
49040
46016
46160
46064
46112
46208
46352
46256
46304
46400
20832
21696
23424
26880
14064
14256
14416
51472
51632
51664
51824
51984
52080
52272
52304
52496
52592
52752
49232
52912
43792
43824
43984
44144
44272
44368
44464
10832
46544
46496
46592
46640
46688
46736
46784
46832
46880
46928
46976
47024
47168
47072
47120
47216
47360
47264
47312
47408
47552
47456
47504
47600
47744
47648
47696
47792
47936
47840
47888
47984
48032
45104
48176
48128
48080
48224
45248
45152
48320
48368
45200
45296
48272
48416
45440
45344
48512
59936
59984
59840
60032
60176
60128
60080
60272
60368
60320
60224
60464
57440
20928
21888
23808
27648
400
496
560
624
688
720
784
880
912
1008
1040
1136
1168
1264
1328
1360
1456
1488
1552
1648
1712
1744
1808
46448
60560
57392
57536
60512
57488
60656
57632
60608
57584
60752
57728
60704
57680
60848
57824
60800
57776
60944
57920
60896
57872
61040
58016
60992
57968
61136
58112
61088
58064
61232
58208
61184
61328
61280
58304
58160
58256
58400
58352
61376
58448
58592
58496
58544
58640
58784
58688
58736
58832
58976
58880
58928
59024
59168
59072
59120
59216
59360
59264
59312
59408
59552
21024
22080
24192
3984
4048
8304
8368
8432
8496
8528
8592
8688
8720
8816
8848
8944
8976
9072
9136
9168
9264
9296
9360
9456
9520
9552
9616
60416
59456
59600
59744
59696
59792
59648
19264
59888
19408
19360
19504
19456
19600
16480
19552
16432
19696
16576
19648
16528
19792
16672
19744
16624
19888
16768
19840
16720
19984
16864
19936
16816
16960
16912
20032
20080
17056
17008
20128
20176
17152
17104
20224
20272
17248
17200
20320
20368
17344
20416
17440
17296
17392
17488
17632
17536
17584
17680
17824
17728
17776
17968
21120
22272
24576
11792
11856
11952
12016
12080
12144
12176
12240
24688
24720
24816
24848
24944
24976
25072
25136
25168
25264
25296
25360
25456
25520
25552
25616
59504
18016
17920
18160
18064
18112
18208
18352
18256
18304
18400
18544
18448
18496
18592
18736
18640
18688
18784
18928
18832
18880
18976
19120
19024
19072
19168
19312
19216
33920
33824
34016
33968
34064
34112
34256
34160
34208
34304
34448
34352
34400
34496
34640
34544
34592
34688
34832
34736
34784
34880
35024
34928
34976
35072
35216
35120
35168
35264
35408
35312
35360
35456
21216
22464
24960
27792
27856
27952
28016
28080
28144
28176
28240
28336
28368
28464
28496
28592
28624
41072
41136
41168
41264
41296
41360
41456
41520
41552
41616
17872
35552
35648
35600
35696
35840
35744
35792
35888
35936
32816
36032
32912
36080
32960
35984
32864
36128
33008
36224
33104
36272
33152
36176
33056
36320
33200
36416
33296
36464
33344
36368
33248
33392
33488
36608
36512
33536
33440
36560
36656
33584
33680
36800
36704
33728
36752
33776
33632
33872
55696
55744
55600
55792
55936
55888
55840
56032
56128
56080
55984
56224
56320
21312
22656
25344
43792
43856
43952
44016
44080
44144
44176
44240
44336
44368
44464
44496
44592
44624
44720
44784
44816
44912
44944
45008
61552
61616
61648
61712
35504
56272
53296
56368
56416
56512
53392
56464
53344
56608
53488
56560
53440
56704
53584
56656
53536
56800
53680
56752
53632
56896
53776
56848
53728
56992
53872
56944
53824
57088
53968
57040
53920
54064
54016
57136
57184
54160
54112
57232
57280
54208
54352
54256
54304
54400
54544
54448
54496
54592
54736
54640
54688
54784
54928
54832
54880
54976
55120
55024
55072
55168
55312
21408
22848
25728
63888
63952
64048
64112
64176
64240
64272
64336
64432
64464
64560
64592
64688
64720
64816
64880
64912
65008
65040
65104
65200
65264
65296
65360
56176
55216
55360
55504
55456
55552
55408
15024
55648
15168
15120
15264
15216
15312
15360
15456
12336
12432
15408
12384
15552
12528
15504
12480
15648
12624
15600
12576
15744
12720
15696
12672
15840
15792
15936
12768
12816
15888
16032
12864
12912
15984
16128
12960
13008
16080
16224
13056
13104
16176
16320
13152
13200
16272
13248
13392
13296
13344
13440
13584
13488
13536
13728
21504
23040
26112
6160
6224
6320
6384
6448
6512
6544
6608
6704
6736
6832
6864
6960
6992
7088
7152
7184
7280
7312
7376
7472
7536
7568
55264
13776
13680
13824
13968
13920
14016
13872
14160
14112
14208
14064
14352
14304
14400
14256
14544
14496
14592
14448
14736
14688
14784
14640
14928
14880
14976
14832
6736
15072
6880
6832
7024
6928
6976
7072
4144
7120
7216
4240
7312
7168
4192
4336
7408
7264
4288
4432
7504
7360
4384
4528
7600
7456
4480
4624
7696
7552
4576
4720
7792
7648
4672
4816
21600
23232
26496
63088
63184
63248
63312
63376
63440
63472
63536
63632
63664
63760
63792
63888
63920
64016
64080
64112
64208
64240
64304
64400
64464
64496
13632
7888
4768
7840
7984
4912
7936
4864
8080
5008
8032
4960
5056
5104
5200
8128
5296
5152
5344
5248
5488
5440
5536
5392
5680
5632
5728
5584
5872
5824
5920
5776
6064
6016
5968
6208
6256
6112
6160
6400
6448
6304
6352
6592
6640
6496
6544
6784
21200
6688
24272
24368
21344
21296
24416
24464
21488
21392
21440
21584
21536
24512
21680
21776
21696
23424
26880
13520
13616
13680
13744
13808
13872
13904
13968
14064
14096
14192
14224
14320
14352
14448
14512
14544
14640
14672
14736
14832
14896
14928
7744
21728
21872
21824
21920
21968
22016
22064
22112
22160
22208
22256
22304
22352
22400
22448
22496
22544
22592
22640
22688
22736
22784
22832
22976
22880
22928
23024
23168
23072
23120
23216
23360
23264
23408
23456
23552
23312
20528
23504
20576
23600
23648
23744
20720
20672
23792
23696
20768
20624
23840
23936
20912
20864
23984
23888
20960
20816
24032
24128
21104
21056
24176
24080
21792
23616
27264
33584
33680
33744
33808
33872
33936
33968
34032
34128
34160
34256
34288
34384
34416
34512
34576
34608
34704
34736
34800
34896
34960
34992
21632
21152
24224
21248
42832
24320
42976
42928
43120
43024
43216
43072
43312
43168
43408
43264
43504
43360
43600
43456
43696
43552
43792
43648
43888
43744
43984
43840
41008
43936
44032
44080
44176
41104
41056
41200
44272
44128
41152
41296
44368
44224
41248
41392
44464
44320
41344
41440
44512
44416
41536
41584
44656
44608
41488
41632
44704
44560
41728
41776
44848
44800
41680
41824
21888
23808
27648
49552
49648
49712
49776
49840
49904
49936
50000
50096
50128
50224
50256
50352
50384
50480
50544
50576
50672
50704
50768
50864
50928
50960
21008
44896
41920
44992
41872
41968
42016
44944
42160
42112
42208
42064
42352
42304
42400
42256
42544
42496
42592
42448
42736
42688
42784
42640
60368
42880
60464
57392
60512
57440
60560
57488
60656
57584
57536
57680
60752
60608
57632
57776
60848
60704
57728
57872
60944
60800
57824
57968
61040
60896
57920
58064
61136
60992
58016
58160
61232
61088
58112
58256
61328
61184
58208
58352
21984
24000
28032
53168
80
144
208
272
336
368
432
528
560
656
688
784
816
912
976
1008
1104
1136
1200
1296
1360
1392
44752
58304
61376
58448
58544
58400
58640
58496
58736
58592
58832
58688
58928
58784
58976
58880
59120
59072
59168
59024
59312
59264
59360
59216
59504
59456
59552
59408
59696
59648
59744
59600
59888
59840
59792
60032
60080
59936
59984
60224
60272
60128
60176
60416
13392
60320
13488
13584
13680
13536
13632
13728
13872
13776
13824
13920
14064
13968
14016
14112
14256
14160
14208
14304
22080
24192
3568
3632
3728
3792
3856
3920
3984
4016
20528
20624
20656
20752
20784
20880
20912
21008
21072
21104
21200
21232
21296
21392
21456
21488
61280
14448
14400
14544
14640
14496
14736
14592
14832
14688
14928
14784
15024
14880
15072
14976
15216
15168
15264
15120
12336
15360
15312
15408
15456
12384
15552
12480
15600
12528
15504
12432
15648
12576
12672
12720
15792
15744
12624
12768
15840
15696
12864
12912
15984
15936
12816
12960
16032
15888
13056
13104
16176
16128
13008
13152
16224
16080
13248
13296
13200
16320
16272
13440
22176
24384
23664
23728
23824
23888
23952
24016
24080
24112
24176
24272
24304
24400
24432
24528
28720
28816
28880
28912
29008
29040
29104
29200
29264
29296
14352
38160
38256
38304
38448
38352
38544
38400
38640
38496
38736
38592
38832
38688
38928
38784
39024
38880
39120
38976
39216
39072
39312
39168
39408
39264
39504
39360
39600
39456
39696
39552
39792
39648
39744
39936
36912
39840
39984
36960
40032
39888
37056
37104
40176
40128
37008
37152
40224
40080
37248
37296
40368
40320
37200
37344
40416
40272
37440
37488
40560
40512
37392
37536
22272
24576
31472
31536
31632
31696
31760
31824
31888
31920
31984
32080
32112
32208
32240
32336
32368
32464
32528
32560
32656
32688
24624
24720
24784
24816
13344
40608
37632
40704
40752
37680
40656
37584
40800
37728
40896
37824
37776
37872
37920
40848
38064
38016
38112
37968
33392
38208
33488
36416
33536
36512
33632
36560
33584
36656
33728
36608
33680
36752
36704
33776
36800
33824
33920
34016
33968
33872
34112
34208
34160
34064
34304
34400
34352
34256
34496
34592
34544
34448
34688
34784
34736
34640
34880
34976
34928
34832
35024
35168
22368
24768
26992
27056
27152
27216
27280
27344
27408
27440
27504
27600
27632
27728
27760
27856
27888
27984
28048
28080
28176
28208
28272
28368
28432
28464
40464
35072
35216
35312
35264
35360
35504
35408
35456
35552
35696
35600
35648
35744
32864
35792
32912
35888
32816
35936
32960
35840
33056
35984
33104
36080
33008
36128
33152
36032
33248
36176
33296
36272
36320
36224
33344
33200
36368
36464
54880
33440
54976
55120
55072
55024
55216
55312
55264
55168
55408
55504
55456
55360
55600
55696
55648
55552
55792
55888
55840
55744
55984
56080
22464
24960
47088
47152
47248
47312
47376
47440
47504
47536
47600
47696
47728
47824
47856
47952
47984
48080
48144
48176
48272
48304
48368
48464
48528
48560
35120
56032
56176
56128
56224
56272
56368
53344
56320
53296
56464
53440
56416
53392
56512
53488
56608
53584
56656
53632
56560
53536
56704
53680
56800
53776
56848
53824
56752
53728
56896
53872
56992
53968
54016
53920
56944
57040
54064
54160
57184
57088
54208
54112
57136
57232
54256
54352
54400
57280
54304
54544
54592
54448
54496
54736
54784
54640
54688
54928
29584
54832
29680
29776
22560
25152
22128
22192
22288
22352
22416
22480
22544
22576
22640
22736
22768
22864
22896
22992
23024
23120
23184
23216
23312
23344
23408
23504
23568
23600
55936
29824
29920
29872
29968
30016
30064
30112
30160
30208
30256
30304
30352
30400
30448
30496
30544
30592
30640
30688
30736
30784
30832
30880
30928
30976
31024
31072
31120
31168
31216
31264
31408
31312
31456
31504
31600
31360
31648
31696
31792
31552
28720
31744
28768
31840
31888
31984
28912
28864
32032
31936
28960
28816
32080
32176
29104
29056
32224
32128
29152
29008
32272
32368
22656
25344
38128
38192
38288
38352
38416
38480
38544
38576
38640
38736
38768
38864
38896
38992
39024
39120
39184
39216
39312
39344
39408
39504
39568
39600
29728
29296
32416
29200
29344
32320
29440
32464
29488
32560
29392
32608
29536
32512
29632
32656
45104
32704
45200
45152
45296
45248
45392
45344
45488
45440
45584
45536
45680
45632
45776
45728
45872
45824
45920
46016
46064
45968
46112
46208
46256
46160
46304
46400
46448
46352
46496
46592
46640
46544
46688
46784
46832
46736
46880
46976
47024
46928
47072
47168
47216
47120
47264
47360
22752
25536
50032
50096
50192
50256
50320
50384
50448
50480
50544
50640
50672
50768
50800
50896
50928
51024
51088
51120
51216
51248
51312
51408
51472
51504
29248
47408
47456
47504
47600
47552
47696
47648
47792
47744
47888
47840
47984
47936
48080
48032
48176
48128
48272
48224
48368
48320
48464
48416
48560
48512
48656
48608
48752
48704
48848
48800
48944
48896
48992
49088
53296
49040
53344
53440
53488
53392
53536
53632
53680
53584
53728
53824
53872
53776
53920
54016
54064
53968
54112
54208
54256
54160
54304
54400
54448
54352
54496
54592
22848
25728
57840
57904
58000
58064
58128
58192
58256
58288
58352
58448
58480
58576
58608
58704
58736
58832
58896
58928
59024
59056
59120
59216
59280
59312
47312
54640
54688
54736
54832
54784
54928
54880
55024
54976
55120
55072
55216
55168
55312
55264
55408
55360
55504
55456
55600
55552
55696
55648
55792
55744
55888
55840
55984
55936
56080
56032
56176
56128
56224
56320
56368
56272
56416
56512
56560
56464
56608
56704
56752
56656
56800
56896
56944
56848
56992
57088
57136
57040
57184
57280
61488
57232
61536
61632
61680
61584
61728
61824
22944
25920
112
176
272
336
400
464
528
560
624
720
752
848
880
976
1008
1104
1168
1200
1296
1328
1392
1488
1552
1584
54544
61872
61920
61968
62064
62016
62160
62112
62256
62208
62352
62304
62448
62400
62544
62496
62640
62592
62736
62688
62832
62784
62928
62880
63024
62976
63120
63072
63216
63168
63312
63264
63408
63360
63456
63552
63600
63504
63648
63744
63792
63696
63840
63936
63984
63888
64032
64128
64176
64080
64224
64320
64368
64272
64416
64512
64560
64464
64608
64704
64752
64656
64800
64896
23040
26112
3760
3824
3920
3984
4048
4176
4240
4272
4336
4432
4464
4560
4592
4688
4720
4816
4880
4912
5008
5040
5104
5200
5264
61776
64944
64992
65040
65088
65184
65136
65280
65232
65376
65328
65472
65424
8288
8240
8384
8336
8480
8432
8576
8528
8672
8624
8768
8720
8864
8816
8960
8912
9056
9008
9152
9104
9248
9200
9296
9392
9440
9344
9488
9584
9632
9536
9680
9776
9824
9728
9872
9968
10016
9920
10064
10160
10208
10112
10256
10352
10400
10304
10448
10544
10592
10496
10640
10736
23136
26304
7440
7536
7600
7664
7728
7792
7856
7888
7952
8048
8080
12336
12368
12464
12496
12592
12656
12688
12784
12816
12880
12976
13040
64848
10784
10832
10880
10928
11024
10976
11120
11072
11216
11168
11312
11264
11408
11360
11504
11456
11600
11552
11696
11648
11792
11744
11888
11840
11984
11936
12080
12032
12176
12128
16432
12224
16528
16480
16576
16672
16720
16624
16768
16864
16912
16816
16960
17056
17104
17008
17152
17248
17296
17200
17344
17440
17488
17392
17536
17632
17680
17584
17728
17824
17872
17776
17920
18016
23232
26496
15216
15312
15376
15440
15504
15568
15632
15664
15728
15824
15856
15952
15984
16080
16112
16208
16272
16304
20560
20592
20656
20752
20816
10688
18064
18112
18160
18208
18304
18256
18400
18352
18496
18448
18592
18544
18688
18640
18784
18736
18880
18832
18976
18928
19072
19024
19168
19120
19264
19216
19360
19312
19456
19408
19552
19504
19648
19600
19696
19792
19840
19744
19888
19984
20032
19936
20080
20176
20224
20128
20272
20368
20416
20320
24624
24720
24768
24672
24816
24912
24960
24864
25008
25104
25152
25056
25200
25296
23328
26688
22992
23088
23152
23216
23280
23344
23408
23440
23504
23600
23632
23728
23760
23856
23888
23984
24048
24080
24176
24208
24272
24368
24432
17968
25344
25392
25440
25488
25584
25536
25680
25632
25776
25728
25872
25824
25968
25920
26064
26016
26160
26112
26256
26208
26352
26304
26448
26400
26544
26496
26640
26592
26736
26688
26832
26784
26928
26880
26976
27072
27120
27024
27168
27264
27312
27216
27360
27456
27504
27408
27552
27648
27696
27600
27744
27840
27888
27792
27936
28032
28080
27984
28128
28224
28272
28176
28320
28416
23424
26880
30768
30864
30928
30992
31056
31120
31184
31216
31280
31376
31408
31504
31536
31632
31664
31760
31824
31856
31952
31984
32048
32144
32208
25248
28464
28512
28560
28608
32864
32816
32960
32912
33056
33008
33152
33104
33248
33200
33344
33296
33440
33392
33536
33488
33632
33584
33728
33680
33824
33776
33920
33872
34016
33968
34112
34064
34208
34160
34256
34352
34400
34304
34448
34544
34592
34496
34640
34736
34784
34688
34832
34928
34976
34880
35024
35120
35168
35072
35216
35312
35360
35264
35408
35504
35552
35456
35600
35696
23520
27072
38544
38640
38704
38768
38832
38896
38960
38992
39056
39152
39184
39280
39312
39408
39440
39536
39600
39632
39728
39760
39824
39920
39984
28368
35744
35792
35840
35888
35984
35936
36080
36032
36176
36128
36272
36224
36368
36320
36464
36416
36560
36512
36656
36608
36752
36704
41008
36800
41104
41056
41200
41152
41296
41248
41392
41344
41488
41440
41536
41632
41680
41584
41728
41824
41872
41776
41920
42016
42064
41968
42112
42208
42256
42160
42304
42400
42448
42352
42496
42592
42640
42544
42688
42784
42832
42736
42880
42976
23616
27264
46320
46416
46480
46544
46608
46672
46736
46768
46832
46928
46960
47056
47088
47184
47216
47312
47376
47408
47504
47536
47600
47696
47760
35648
43024
43072
43120
43168
43264
43216
43360
43312
43456
43408
43552
43504
43648
43600
43744
43696
43840
43792
43936
43888
44032
43984
44128
44080
44224
44176
44320
44272
44416
44368
44512
44464
44608
44560
44656
44752
44800
44704
44848
44944
44992
44896
53296
53392
53440
53344
53488
53584
53632
53536
53680
53776
53824
53728
53872
53968
54016
53920
54064
54160
54208
54112
54256
54352
23712
27456
50000
50096
50160
50224
50288
50352
50416
50448
50512
50608
50640
50736
50768
50864
50896
50992
51056
51088
51184
51216
51280
51376
51440
42928
54400
54448
54496
54544
54640
54592
54736
54688
54832
54784
54928
54880
55024
54976
55120
55072
55216
55168
55312
55264
55408
55360
55504
55456
55600
55552
55696
55648
55792
55744
55888
55840
55984
55936
56032
56128
56176
56080
56224
56320
56368
56272
56416
56512
56560
56464
56608
56704
56752
56656
56800
56896
56944
56848
56992
57088
57136
57040
57184
57280
61488
57232
61536
61632
23808
27648
57776
57872
57936
58000
58064
58128
58192
58224
58288
58384
58416
58512
58544
58640
58672
58768
58832
58864
58960
58992
59056
59152
59216
54304
61680
61728
61776
61824
61920
61872
62016
61968
62112
62064
62208
62160
62304
62256
62400
62352
62496
62448
62592
62544
62688
62640
62784
62736
62880
62832
62976
62928
63072
63024
63168
63120
63264
63216
63312
63408
63456
63360
63504
63600
63648
63552
63696
63792
63840
63744
63888
63984
64032
63936
64080
64176
64224
64128
64272
64368
64416
64320
64464
64560
64608
64512
64656
64752
23904
27840
61392
112
176
240
304
368
432
464
528
624
656
752
784
880
912
1008
1072
1104
1200
1232
1296
1392
1456
61584
64800
64848
64896
64944
65040
64992
65136
65088
65232
65184
65328
65280
65424
65376
4144
65472
4240
4192
4336
4288
4432
4384
4528
4480
4624
4576
4720
4672
4816
4768
4912
4864
5008
4960
5056
5152
5200
5104
5248
5344
5392
5296
5440
5536
5584
5488
5632
5728
5776
5680
5824
5920
5968
5872
6016
6112
6160
6064
6208
6304
6352
6256
6400
6496
24000
28032
3632
3728
3792
3856
3920
3984
4048
8240
8304
8400
8432
8528
8560
8656
8688
8784
8848
8880
8976
9008
9072
9168
9232
64704
6544
6592
6640
6688
6784
6736
6880
6832
6976
6928
7072
7024
7168
7120
7264
7216
7360
7312
7456
7408
7552
7504
7648
7600
7744
7696
7840
7792
7936
7888
8032
7984
8128
8080
12336
12432
12480
12384
12528
12624
12672
12576
12720
12816
12864
12768
12912
13008
13056
12960
13104
13200
13248
13152
13296
13392
13440
13344
13488
13584
13632
13536
13680
13776
24096
11376
11440
11536
11600
11664
11728
11792
11856
11888
11952
12048
12080
12176
12208
16464
16496
16592
16656
16688
16784
16816
16880
16976
17040
6448
13824
13872
13920
13968
14064
14016
14160
14112
14256
14208
14352
14304
14448
14400
14544
14496
14640
14592
14736
14688
14832
14784
14928
14880
15024
14976
15120
15072
15216
15168
15312
15264
15408
15360
15456
15552
15600
15504
15648
15744
15792
15696
15840
15936
15984
15888
16032
16128
16176
16080
16224
16320
20528
16272
20576
20672
20720
20624
20768
20864
20912
20816
20960
21056
24192
19184
19248
19344
19408
19472
19536
19600
19664
19696
19760
19856
19888
19984
20016
20112
20144
20240
20304
20336
20432
24624
24688
24784
24848
13728
21104
21152
21200
21248
21344
21296
21440
21392
21536
21488
21632
21584
21728
21680
21824
21776
21920
21872
22016
21968
22112
22064
22208
22160
22304
22256
22400
22352
22496
22448
22592
22544
22688
22640
22736
22832
22880
22784
22928
23024
23072
22976
23120
23216
23264
23168
23312
23408
23456
23360
23504
23600
23648
23552
23696
23792
23840
23744
23888
23984
24032
23936
24080
24176
24288
26992
27056
27152
27216
27280
27344
27408
27472
27504
27568
27664
27696
27792
27824
27920
27952
28048
28112
28144
28240
28272
28336
28432
28496
21008
24224
24272
24320
24368
24464
24416
32816
24512
32912
32864
33008
32960
33104
33056
33200
33152
33296
33248
33392
33344
33488
33440
33584
33536
33680
33632
33776
33728
33872
33824
33968
33920
34064
34016
34112
34208
34256
34160
34304
34400
34448
34352
34496
34592
34640
34544
34688
34784
34832
34736
34880
34976
35024
34928
35072
35168
35216
35120
35264
35360
35408
35312
35456
35552
24384
30704
30768
30864
30928
30992
31056
31120
31184
31216
31280
31376
31408
31504
31536
31632
31664
31760
31824
31856
31952
31984
32048
32144
32208
24128
35600
35648
35696
35744
35840
35792
35936
35888
36032
35984
36128
36080
36224
36176
36320
36272
36416
36368
36512
36464
36608
36560
36704
36656
36800
36752
41056
41008
41152
41104
41248
41200
41344
41296
41392
41488
41536
41440
41584
41680
41728
41632
41776
41872
41920
41824
41968
42064
42112
42016
42160
42256
42304
42208
42352
42448
42496
42400
42544
42640
42688
42592
42736
42832
24480
38512
38576
38672
38736
38800
38864
38928
38992
39024
39088
39184
39216
39312
39344
39440
39472
39568
39632
39664
39760
39792
39856
39952
40016
35504
42880
42928
42976
43024
43120
43072
43216
43168
43312
43264
43408
43360
43504
43456
43600
43552
43696
43648
43792
43744
43888
43840
43984
43936
44080
44032
44176
44128
44272
44224
44368
44320
44464
44416
44512
44608
44656
44560
44704
44800
44848
44752
44896
44992
49200
44944
49248
49344
49392
49296
49440
49536
49584
49488
49632
49728
49776
49680
49824
49920
49968
49872
50016
50112
24576
46320
46384
46480
46544
46608
46672
46736
46800
46832
46896
46992
47024
47120
47152
47248
47280
47376
47440
47472
47568
47600
47664
47760
47824
42784
50160
50208
50256
50304
50400
50352
50496
50448
50592
50544
50688
50640
50784
50736
50880
50832
50976
50928
51072
51024
51168
51120
51264
51216
51360
51312
51456
51408
51552
51504
51648
51600
51744
51696
51792
51888
51936
51840
51984
52080
52128
52032
52176
52272
52320
52224
52368
52464
52512
52416
52560
52656
52704
52608
52752
52848
52896
52800
52944
53040
53088
52992
53136
57392
24672
54128
54192
54288
54352
54416
54480
54544
54608
54640
54704
54800
54832
54928
54960
55056
55088
55184
55248
55280
55376
55408
55472
55568
55632
50064
57440
57488
57536
57584
57680
57632
57776
57728
57872
57824
57968
57920
58064
58016
58160
58112
58256
58208
58352
58304
58448
58400
58544
58496
58640
58592
58736
58688
58832
58784
58928
58880
59024
58976
59072
59168
59216
59120
59264
59360
59408
59312
59456
59552
59600
59504
59648
59744
59792
59696
59840
59936
59984
59888
60032
60128
60176
60080
60224
60320
60368
60272
60416
60512
19968
20480
20992
21504
22016
22528
23040
23552
24064
24576
25088
25600
26112
26624
27136
27648
28160
2320
2608
2928
3152
40432
40592
37104
40880
37424
37680
1744
2000
2160
2448
2672
2928
37136
37232
37456
37712
37936
9328
9552
9840
10096
10384
10640
51632
51824
52080
52304
52592
49232
19968
19968
19968
19968
19968
19968
19968
19968
19968
19968
19968
19968
19968
19968
19968
19968
19968
19968
19968
19968
19968
19968
19968
19968
19968
19968
19968
19968
19968
19968
19968
19968
19968
19968
19968
19968
19968
19968
19968
19968
19968
19968
19968
19968
19968
19968
19968
19968
19968
19968
19968
19968
19968
19968
19968
19968
19968
19968
19968
19968
19968
19968
19968
19968
19968
19968
19968
19968
19968
19968
19968
19968
19968
19968
19968
19968
19968
19968
19968
19968
19968
19968
19968
19968
19968
19968
19968
19968
19968
19968
20064
20160
20352
20736
21504
23040
26112
12816
12976
22992
23152
23344
23408
23600
23632
23856
23888
24080
24176
20592
24272
20752
20816
30864
30992
31056
31184
31376
31504
31536
60992
8432
14928
61088
15312
15120
14736
15264
32080
31792
31744
31888
15216
31456
15984
15120
16080
12384
14448
15312
23984
23888
24080
23840
24128
23936
24272
24032
24176
24224
24416
24320
24368
24464
24512
14112
14784
13584
26016
59504
60560
60416
59456
59600
57536
57392
59744
59696
57488
60512
59792
59648
57632
60656
60608
57584
60752
59888
57728
57680
20160
20352
20736
21504
23040
26112
50736
50864
51056
51088
51216
51440
57776
57936
58000
58192
58224
58416
58544
58640
58832
58864
58992
59216
112
3728
3792
304
368
61040
57824
60848
57776
60800
57920
60944
57872
60896
58016
61040
57968
60992
58112
61136
58064
61088
58208
61232
61328
61184
58304
61280
58256
58160
58352
58400
58448
61376
58496
58592
58544
58784
58688
58640
58736
59936
58976
58832
59984
59840
58928
58880
60032
60176
59168
59024
60128
60080
59120
59072
60272
60368
59360
59216
60320
60224
59312
59264
60464
57440
20256
20544
21120
22272
24576
20144
20240
16688
16784
20432
16880
26992
27056
27280
27344
27504
27568
27792
27920
27952
28144
28240
28272
24784
24848
28496
30768
30992
31120
60704
17872
59552
17920
18016
18064
18160
18208
18112
18352
19264
19408
18256
19360
18304
19504
18400
19456
18544
19600
18448
16480
18496
19552
18592
16432
18736
19696
18640
16576
18688
18784
18928
16528
19648
18832
18880
16672
19792
18976
19120
16624
19744
19024
19072
16768
19888
19168
19312
16720
19840
19216
16864
19936
19984
16816
16912
20032
16960
20080
17008
20352
20736
21504
23040
26112
54192
54352
54544
54640
54704
54832
55056
55088
55280
55376
55568
55632
6320
6448
6512
6704
6736
6864
7088
7184
7280
7376
7568
59408
20128
17152
20176
20224
17104
17248
20272
20320
17200
17344
20368
17440
20416
17392
17296
17632
17488
17584
17536
17824
17680
17776
17728
35504
17968
35648
35552
35696
35600
35744
35840
35792
35936
32816
35888
36032
36080
32960
32912
35984
36128
33008
32864
36224
36272
33152
33104
36176
36320
33200
33056
36416
33920
36464
33296
33824
34016
36368
33344
33968
34064
20448
20928
21888
23808
27648
34960
53168
49712
49840
49904
50000
50224
50256
50480
50544
50704
50768
50960
3632
80
3792
208
272
3984
4016
432
560
784
17056
33392
33488
34112
36608
34256
36512
34160
33536
34208
33440
34304
36560
34448
36656
34352
33584
34400
33680
34496
36800
34640
36704
34544
33728
34592
36752
34688
33776
34832
33632
34736
34784
34880
35024
33872
34928
35072
35216
34976
35120
35264
35408
35168
35312
35456
12336
35360
12384
12480
12528
12432
12576
12672
12720
12624
12768
12864
12912
12816
12960
13056
20544
21120
22272
24576
29104
29264
27056
27216
27344
27408
27504
27728
27760
27984
28048
28208
24624
28368
28432
24816
47152
47248
47376
47536
47696
47728
47856
48080
33248
13104
13200
13152
13296
13248
13392
13344
13488
13440
13584
13536
13680
13632
13776
13728
13872
13824
13968
13920
14064
14016
14160
14112
14256
14208
14352
14304
14448
14400
14544
14496
14592
14688
14736
14640
14784
14880
14928
14832
14976
15072
15120
15024
15168
15264
15312
15216
15360
15456
15504
15408
15552
15648
15696
15600
15744
15840
15888
15792
15936
16032
20640
21312
22656
25344
50672
50800
51024
51120
51248
51312
51472
57904
58000
58192
58256
58448
58480
58704
58832
58896
59056
59120
59280
3760
3824
272
336
4048
13008
16080
16176
16128
16272
16224
16432
16320
16528
16480
16624
16576
16720
16672
16816
16768
16912
16864
17008
16960
17104
17056
17200
17152
17296
17248
17392
17344
17488
17440
17584
17536
17632
17728
17776
17680
17824
17920
17968
17872
18016
18112
18160
18064
18208
18304
18352
18256
18400
18496
18544
18448
18592
18688
18736
18640
18784
18880
18928
18832
18976
19072
20736
21504
23040
26112
1456
1552
1744
11792
8304
11952
12016
8496
12144
8592
12240
8816
8848
9072
9168
9264
9456
9520
9616
27952
28080
28144
28240
15984
19120
19168
19264
19216
19360
19312
19456
19408
19552
19504
19648
19600
19744
19696
19840
19792
19936
19888
20032
19984
20128
20080
20224
20176
20320
20272
20416
20368
20576
20528
20672
20624
20720
20816
20864
20768
20912
21008
21056
20960
21104
21200
21248
21152
21296
21392
21440
21344
21488
21584
21632
21536
21680
21776
21824
21728
21872
21968
22016
21920
22064
22160
20832
21696
23424
26880
64912
65104
65200
65264
65296
61712
47632
48048
48240
48624
48720
48912
17200
17488
51920
52080
52432
52560
43568
43952
44272
17488
17040
19024
22208
22256
22352
22304
22448
22400
22544
22496
22640
22592
22736
22688
22832
22784
22928
22880
23024
22976
23120
23072
23216
23168
23312
23264
23408
23360
23504
23456
23600
23552
23696
23648
23744
23840
23888
23792
23936
24032
24080
23984
24128
24224
24272
24176
24320
24416
24464
24368
24512
720
816
3696
3792
3888
864
912
3840
3984
960
1008
3936
